124 318
27 116 124
55 72 75 76 86 102 114 120
12 17 64
7 32 41 58 63 88 91 95 122
9 11 47 48 85 96
10 46
4 31 97
12 94 109 118
5 31 53 100
6 18 23 27 28 57 67 98 99 108 122
5 66 107 113
3 8 61 86 107
46 56 108
44 84 101
41 81 95
25 74 82 107 108 121
3 42 69
10 31 32 45 59 65
31 63 65 68 75 98
81 97 100 106
59 64
27 62 83 84
10 33 103 115
71 78 107 113
16 46 61 65 67 73 87 101 122
32 43 48 73 87 116
1 10 22 30 105 116
10 82
32 42 49 69 91
27 50 55 70 111
7 9 18 19 39 74 95 101
4 18 26 29 59 84 104 116
23 46 55 68 81 86 110
38 53 64 75 118
86 111
43 44 75 99 100 101 115
40 45 54 57 82
34
31 51 80
37 46 98
4 15 55 81 90 107
17 29 63 83 84 101
26 36 98 112 118
14 36 58 72 102
18 37 78 85
6 13 25 33 40 70 79 120
5 67 87 97 101 104
5 26 57 76 95 97 110
29 79 102
30 118
39 70 106
117
9 34 82 100 103 111
37 60 84 91
2 30 33 41 63 123
13 61 109
10 37 48
4 44 70 80 86 112
18 21 32 68 92
54 80 98
12 25 56 98
22
4 19 42 55 89 102
3 21 34 89 110 116 120
18 19 25 81 99 106 117
11 90 95 103 105
10 25 47 70
19 33 59 101 103 106
17 29 86 91 106
30 46 51 58 67 74 78 94
24 95 107
2 44 98 124
25 26 111 113 123
16 31 70 84 94 121
2 19 34 36
2 48 106
81 98 99
24 45 70 91 113 115
46 49 95 122
39 58 60 90 115
15 20 33 41 65 77 92 105 117 120
16 28 37 53 110 111 117 123
22 42 103 117
14 22 32 42 54 74 106
5 45 107
2 12 33 35 58 69 111
25 26 47
4 90 96 124
63 64 90 91 103 111
41 66 80 88 89 91 93 123
4 29 54 69 78 89 90 112
59 81 114 116 117
90 94 104
8 70 74 93
4 15 31 48 66 71 79 102 105 113
5 88 102 113
7 20 47 48
10 19 40 43 60 61 72 77 110 112 115
10 36 65 77 110 116
9 20 36 53 111 116
14 25 31 36 42 47 68 124
2 44 49 63 95 96 103
23 53 66 68 83 89 102 106
32 47 93
27 66 81 95
20 51 65 68 69 76 84 103
11 12 16 24 41 71 85 123
10 13 16
8 56 117 123
33 48 64 82 98 99
30 35 53 73 82 86 89 100
43 58 91 98 124
11 24 73 78 95 96
2 92 123
23 36 78 80 98 121
1 26 27 32 64 92 99 100 119 123
52 65 81 82 83 92 109 119
8 34 43 50
116 117
2 46 64 81
16 74 115
4 10 25 79
55 73 82 90 107 109 114 116
1 72 88 101 112
